0.13235514
0.11436329
0.10188121
0.11613370
0.10922772
0.10927825
0.08802663
0.10235451
0.08744320
0.08756794
0.08702951
0.09285785
0.08765202
0.08770768
0.08689728
0.08742031
0.08839926
0.08736978
0.08889900
0.08745741
0.08866571
0.08791176
0.08795913
0.08800452
0.08690399
0.08717517
0.08771755
0.09200640
0.08758136
0.08599964
0.08870282
0.08785018
0.08824334
0.08732241
0.08712583
0.09820855
0.08817584
0.08659293
0.08961269
0.08788176
0.08604740
0.08794886
0.08818018
0.08802307
0.08816913
0.08852084
0.09087665
0.08765202
0.08716057
0.08690557
0.08837124
0.08647372
0.08676938
0.08687517
0.08723241
0.08637898
0.08751978
0.08715702
0.09029836
0.08700741
0.08875966
0.08840874
0.08905493
0.08795439
0.08598266
0.08899137
0.08829979
0.08907624
0.08648991
0.08620806
0.08707688
0.08675438
0.08758452
0.08860019
0.08756439
0.08646977
0.08663714
0.08992138
0.08721386
0.08826624
0.08567358
0.08780005
0.08803018
0.08805900
0.08786715
0.09215285
0.08618240
0.08694188
0.05248542
0.05291924
0.05233147
0.05257345
0.05210489
0.05198371
0.05303687
0.05246647
0.05217871
0.05288924
0.05348530
0.08819124
0.08578199
