0.00459162
0.00469109
0.00483083
0.00346976
0.00333555
0.00334266
0.00331266
0.00330911
0.00324476
0.00309595
0.00330634
0.00316266
0.00344490
0.00328266
0.00314924
0.00320174
0.00322424
0.00332253
0.00315713
0.00312753
0.00332134
0.00364424
0.00315753
0.00314924
0.00329687
0.00330437
0.00336161
0.00328661
0.00314292
0.00320332
0.00327832
0.00324082
0.00318989
0.00318358
0.00325897
0.00311687
0.00312871
0.00311174
0.00340937
0.00324161
0.00314568
0.00334305
0.00322305
0.00321042
0.00317410
0.00333595
0.00316226
0.00323963
0.00314726
0.00317726
0.00327358
0.00331187
0.00314253
0.00318792
0.00317963
0.00351832
0.00319661
0.00324318
0.00314450
0.00332845
0.00364503
0.00324161
0.00322463
0.00315832
0.00369674
0.00352858
0.00330990
0.00346345
0.00332726
0.00333990
0.00359174
0.00343819
0.00343069
0.00340858
0.00366595
0.00693400
0.00567952
0.00421582
0.00382029
0.00369161
0.00392648
0.00373503
0.00564952
0.00386411
0.00347569
0.00455569
0.00506451
0.00375358
0.00370700
0.00347095
0.00344963
0.00324082
0.00354398
0.00346977
0.00372082
0.00363792
0.00335924
0.00335845
0.00338608
0.00342713
0.00350924
