0.11232051
0.11145524
0.11111931
0.11245788
0.15531362
0.13074579
0.10879469
0.11115366
0.11218037
0.10940733
0.11053312
0.10674441
0.10830719
0.11017312
0.10598296
0.10639585
0.10838416
0.11196800
0.11358762
0.10774192
0.10849232
0.10936272
0.11127445
0.11043049
0.11157998
0.10768784
0.10880653
0.10921627
0.11163642
0.11200669
0.10924311
0.10865179
0.10855903
0.10773560
0.11163050
0.10881048
0.10903311
0.11341631
0.10837034
0.11112089
0.11074786
0.11109681
0.12099729
0.11115405
0.11581159
0.10537150
0.10551006
0.10718494
0.10496571
0.10900469
0.10515519
0.10471545
0.15526704
0.10964851
0.11137510
0.10692757
0.11497553
0.11310722
0.10915035
0.10957470
0.11315183
0.12014978
0.11243024
0.11506356
0.10876627
0.10929048
0.11472053
0.10962799
0.11852543
0.11461079
0.12298362
0.10934654
0.11017786
0.10834903
0.10796139
0.10905877
0.10810034
0.10850653
0.10723270
0.12177374
0.12122308
0.12471692
0.12182072
0.12136005
0.10846666
0.10823297
0.11233630
0.10819350
0.11093813
0.10754573
0.11358723
0.11078378
0.11163129
0.11268367
0.11165971
0.11942938
0.11030694
0.11414697
0.11042694
0.11214248
0.11225033
