1.99812380
1.78928305
1.80696148
1.85066038
1.81490207
1.84969327
1.79540586
1.79009897
1.81769288
1.79146319
1.79340216
1.78680013
1.78765790
1.81172362
1.82131896
1.79325255
1.79338084
1.79759114
1.82891771
1.79257636
1.79903273
1.79468467
1.79235412
1.78504985
1.79326558
1.79048384
1.80171854
1.78719487
1.78754895
1.80115446
1.79518362
1.79522704
1.79629481
1.79815878
1.79368400
1.78629723
1.79251912
1.79419598
1.78493577
1.80687385
1.79894115
1.79064253
1.78763382
1.80860123
1.80178051
1.79899089
1.78052574
1.79006029
1.80444777
1.78694540
1.79721337
1.79674166
1.79608639
1.79658021
1.79714587
1.79361926
1.78925620
1.78782211
1.82012250
1.79446835
1.78693395
1.78221088
1.79703298
1.79188596
1.81407351
1.79529336
1.79154096
1.78252589
1.78957555
1.79892062
1.79468348
1.79685179
1.79615271
1.79787140
1.79010213
1.79340966
1.79355690
1.80108419
1.80869518
1.80966110
1.79406374
1.80046445
1.79863602
1.81490049
1.80443672
1.78480117
1.78693829
1.79395519
1.80296908
1.79765706
1.79066700
1.83192168
1.79967852
1.79571889
1.78895896
1.80016682
1.89072333
1.82544715
1.79189622
1.79253294
1.80102985
